19 179.6088170343 44.0128960672 0.71160179376602 46.1756210327 105.1204528809
47 179.6861577184 44.0325019533 2.4027211666 35.9589233398 106.8620758057
13 179.6540115199 43.9532244178 1.1086053848 51.2840805054 130.3717803955
8 179.5988060251 43.9427009898 1.2009270191 59.2710189819 156.0821228027
79 179.5035265170 44.0841354857 6.7946887016 28.6627769470 187.1687774658
59 179.8629383824 43.9607576626 12.6773281097 22.6657829285 199.7260131836
3 179.6195256514 43.9189288638 2.2135727406 64.7122039795 225.5710144043
83 179.7979490516 44.1385282063 15.8285865784 21.5539436340 239.5022888184
5 179.6223316092 43.9395910183 1.2390049696 84.2797088623 240.3220214844
81 179.8133241177 44.1158900906 14.5296850204 22.1627826691 263.3351135254
84 179.5360163494 44.1465869433 11.6271448135 25.3785400391 290.0154418945
21 179.7171643340 43.9016052828 5.2812552452 47.3423194885 296.9514770508
94 179.8247527933 44.2027352609 26.2866916656 20.0343017578 306.0035095215
2 179.6607047511 43.9182902811 2.6324598789 99.7258529663 411.0070495605
18 179.6893683344 43.9999899983 1.6273188591 180.0508270264 700.3978881836
