34 17.2917328682 35.7302371385 1.7609261274 31.5650997162 100.9220199585
6 17.4127548684 35.6871517457 1.5424423218 28.4670238495 101.2186737061
17 17.3531908021 35.7669758502 1.2783794403 36.6908569336 110.6831588745
60 17.2013400896 35.7430679259 7.2408905029 17.2105045319 118.8637008667
19 17.3389919010 35.7718987450 1.6353577375 36.0334167480 142.0874938965
53 17.1728665753 35.6823517038 10.0160188675 14.9811992645 144.2708740234
2 17.3332782810 35.6643972016 1.8966900110 52.6139526367 167.0216674805
1 17.3758775907 35.6580106582 2.0619521141 47.3494110107 187.0455780029
8 17.2750787960 35.7127296927 2.4371500015 60.1566276550 220.6336212158
44 17.1774272322 35.7935306938 10.9878425598 26.8551979065 262.0496520996
45 17.2612869086 35.8928825568 14.2054414749 19.3631324768 326.3668823242
48 17.2020984518 35.6518720603 8.7153816223 41.2223358154 497.9773864746
26 17.1593823663 35.6742573234 11.4594068527 51.7939453125 695.3578491211
29 17.4972771139 35.7017510348 5.3547444344 80.9281311035 717.8162841797
