38 182.0229725299 65.0332515877 7.5516247749 18.0229797363 103.3408050537
120 182.0902984937 64.9149033942 24.0454959869 8.6827917099 106.5932540894
102 182.2228603102 65.0070469818 12.5162878036 11.8292875290 109.1143798828
78 182.3460680499 65.1265580982 7.4287352562 17.2695827484 111.7922897339
32 182.0722839463 65.1903871716 0.69133585691452 44.4899635315 113.3541336060
35 182.0299379861 65.1969626297 0.79051792621613 46.1283683777 124.8384475708
72 182.2505331483 65.0919277192 5.7002663612 20.9025192261 131.0044860840
94 181.8124454672 65.2001171796 4.5665106773 25.9918899536 139.6338043213
15 181.8988378420 65.1729669323 1.8996322155 40.4631996155 145.9532318115
98 181.8885125978 65.2579767995 5.2998762131 27.9007549286 154.9987030029
109 182.3906511105 65.1094258818 9.9880847931 23.0214500427 186.3910064697
52 182.2460490079 65.1695369125 3.3135917187 49.0774497986 186.8673706055
70 181.8406435047 65.0152907272 11.9472599030 20.0005359650 198.2881164551
71 181.7110021101 65.0466812947 13.3281831741 27.5252170563 251.5238800049
99 181.8185262716 64.9566387723 20.2980422974 17.5864830017 282.9942626953
18 182.0246514138 65.1742200755 0.53862076997757 39.2783813477 294.5218505859
68 181.8423962467 65.2624442574 6.5447845459 50.3841209412 384.7175903320
50 181.7718889428 65.1652074904 5.5077939034 69.0122756958 477.6832885742
20 182.0311089979 65.1745996605 0.52654367685318 152.6248016357 977.5376586914
