5 182.7283849769 50.4040464603 0.82217830419540 38.1374893188 100.1094970703
36 182.7683939066 50.4852476357 2.2835149765 23.1212768555 104.3942565918
56 182.6174374253 50.4432122193 4.6583633423 20.0964851379 108.4298858643
41 182.7929655372 50.4893627814 2.5499427319 33.9836311340 135.7776794434
44 182.8931204082 50.2754756609 10.4755001068 18.2466621399 171.3474884033
1 182.8206331082 50.3681753863 1.7852554321 58.1926574707 187.7902679443
13 182.8952655091 50.3049883193 7.7468781471 22.1989974976 199.7671661377
11 182.8258504438 50.4478677873 1.2140005827 80.7058105469 213.0605163574
9 182.8068488745 50.4462826775 0.90105164051056 85.5940628052 225.0938110352
12 182.7688554984 50.4806480713 2.0442578793 212.1683044434 1246.0065917969
