23 183.8623493340 47.1799596550 2.8031272888 35.1938934326 107.5259704590
64 184.1539646070 47.1848913753 10.5161304474 14.6185874939 108.5038223267
83 184.1273695129 47.2406689423 12.3847856522 12.5091886520 112.6560897827
13 183.9745872443 47.0971252460 0.92403995990753 47.5004539490 131.6142730713
88 184.0931531454 47.3057329470 17.6106338501 12.2667779922 137.5088195801
87 184.0682750894 47.3034177710 16.1225090027 13.5900449753 158.3253784180
26 183.9058363783 47.2316236662 5.5157489777 32.6391105652 173.9938354492
22 183.9727845890 47.172244230 1.7788625956 55.7182502747 182.5670471191
96 183.7119365931 47.2976873726 20.6088962555 11.4698181152 222.9123229980
86 184.1066218470 47.2851530097 15.7237863541 18.9279804230 228.3428955078
25 183.7934012839 47.2148565956 7.5230050087 33.8095359802 280.5079956055
85 184.2500414215 47.2523779117 23.6983127594 18.0860004425 292.5142822266
6 183.9545244317 47.0889491831 0.88554620742798 104.7320404053 312.8030395508
91 184.3136981684 47.2031176132 27.1772308350 18.5237350464 362.6411437988
