20 184.2521461637 37.7300158418 3.4426810741 30.6468887329 105.7453308105
55 184.2455572731 37.9129182375 9.2821073532 18.5744190216 107.7173690796
66 184.2658965982 37.9853798125 17.0958309174 15.1048936844 126.4305648804
37 184.2538170284 37.8744079553 5.6632471085 32.9615287781 155.8501892090
46 184.1285610633 37.7820220999 11.2004137039 23.3288650513 162.9373474121
57 184.1703063184 37.9502057906 17.7207489014 16.7738952637 183.7077026367
67 184.1729026422 37.6372839280 14.9448518753 14.2654390335 209.8245239258
12 184.4173592387 37.7970594339 2.0339591503 70.5139541626 223.0693664551
17 184.4262156373 37.8378162051 3.4528424740 56.1050224304 247.1545257568
38 184.1885532718 37.6517034043 12.3398246765 23.9124221802 289.4438476562
14 184.2811967138 37.8008318963 1.4103275537 126.7370300293 356.4643859863
1 184.2374050118 37.7266656959 4.4006152153 202.0918884277 1621.4245605469
18 184.2160622274 37.9108050423 10.4110479355 185.3079376221 4150.8100585938
