29 67.5697052079 64.7215553786 6.6694874763 17.6691093445 113.3972015381
51 67.7661968612 64.9080542016 3.0254397392 19.8081073761 114.0931472778
65 68.1771237027 64.6583170010 24.6018409729 7.4434456825 116.6190261841
62 67.5564264681 64.6172327786 19.2686958313 10.9124135971 116.7257995605
53 67.4691238775 64.7143583309 10.0919895172 15.7559528351 129.0478668213
52 67.6360567708 64.6737143968 10.2675151825 17.6974353790 145.5547790527
88 68.0251320876 64.6967585089 13.1882572174 7.2822732925 147.1032104492
48 67.5130583963 64.8618440532 4.1495690346 21.1162834167 152.2090454102
24 67.8352830216 64.8562641008 1.5897717476 55.539314270 213.6459960938
26 67.6288495106 64.8681078664 1.7260440588 49.2360420227 219.7555084229
17 67.7076943072 64.8487355386 0.65915352106094 37.1527175903 228.2842864990
66 67.4938347922 64.6603660399 14.8855857849 18.9373016357 229.7846679688
14 67.7010067055 64.8462923848 0.64896965026855 36.4876976013 234.3455200195
63 67.4804137091 64.6260619951 19.9054927826 14.9247922897 236.4474182129
15 67.7391559028 64.8468360154 0.61402422189713 75.2131195068 284.9722290039
25 67.8546414951 64.8650631584 2.1966650486 86.8440475464 422.7859802246
27 67.8048518226 64.8748550096 1.7449826002 101.0192413330 446.0822143555
1 67.6431413226 64.7946465329 1.3302736282 119.0819473267 471.0156555176
54 67.2507057428 64.7684552842 17.1021442413 31.9416351318 510.3872375488
22 67.8082338039 64.8522267308 1.1330649853 200.7218933105 754.1479492188
18 67.7025472593 64.8496064206 0.68217593431473 109.8070755005 812.7672729492
16 67.7005445693 64.8473813134 0.66227495670319 212.1885528564 1425.0764160156
7 67.8200492776 64.8306398457 1.0434604883 800.0078735352 5255.7294921875
