34 185.0782183242 47.3153280181 18.4651184082 4.8952674866 100.0343399048
29 184.9685854101 47.3497184049 9.4869146347 12.7673997879 103.3799819946
44 185.0273063236 47.3693708078 15.0533094406 8.7991161346 120.5252761841
2 184.7062375530 47.2796021904 1.0035793781 40.1964187622 129.7828216553
15 184.7179071844 47.3177971734 0.83371186256409 36.6124839783 131.0910186768
46 185.0601371154 47.3758813622 18.5908508301 11.4780111313 150.3548889160
41 185.2104220138 47.3312670524 35.8171272278 11.6125326157 158.8934020996
3 184.7270459716 47.2803039988 0.72597283124924 51.4103088379 184.0895233154
6 184.6829790465 47.2922373553 1.3501948118 64.2564239502 246.6893005371
9 184.7390412879 47.3033544383 0.55293947458267 45.6696701050 250.6123352051
10 184.7396777673 47.3039983470 0.55154943466187 1006.6862792969 9138.4990234375
