226 184.9866067849 29.5142169488 18.7547969818 5.2730398178 100.1318130493
112 185.0029516346 29.3438448092 1.4511075020 34.8890266418 106.5331878662
224 184.9410153663 29.4907525501 16.6187381744 6.5209760666 108.0997543335
180 185.1894976628 29.2654355633 8.5304336548 16.4447174072 112.5768814087
165 185.1858229623 29.3406438147 8.6119709015 13.6004295349 112.6791763306
205 185.2076764971 29.3912266925 13.2380409241 8.5216751099 112.8542022705
228 184.8457169060 29.5634985104 35.9662246704 6.4824757576 113.6166992188
45 185.0284598571 29.2792193404 0.59922063350677 19.3970222473 114.6400527954
37 185.0218030460 29.2777072167 0.62562316656113 30.3246669769 119.1668548584
24 185.0530735521 29.2727198024 0.83796441555023 38.8697586060 121.2573776245
191 184.9929526601 29.4229960569 7.0724287033 13.7745475769 122.4753875732
168 185.0106863963 29.3649702786 2.4261243343 30.8694896698 123.7056808472
54 185.0176577637 29.2809093729 0.59655636548996 32.9557380676 127.5168991089
207 184.9806985410 29.4638510987 11.8085632324 10.3519077301 128.4967346191
181 185.2259953675 29.2686964033 12.0639715195 11.4624881744 130.2874145508
119 185.0959897840 29.2479408315 2.778308630 28.8337650299 137.5370941162
38 185.0143030202 29.2776120431 0.6556019783020 41.8606300354 139.3285980225
229 184.8562684797 29.5689858764 35.9524383545 7.5198307037 143.3724975586
203 185.2292626119 29.3819577378 14.8665742874 10.8695421219 148.4768829346
111 185.0831693062 29.3425689342 2.2746899128 38.2398834229 153.6425170898
27 185.0453677406 29.2744126999 0.73640972375870 48.3252754211 158.5477447510
101 185.0868529786 29.3109133848 1.5560997725 36.8254470825 192.8085021973
82 185.0323125869 29.2889743483 0.53218531608582 55.0481758118 200.7449035645
8 185.0940088145 29.2599521425 2.3216221333 45.4268150330 201.8872680664
227 184.9600718088 29.5569924091 26.7825183868 8.2205619812 203.1974334717
2 185.0739897858 29.2394523341 2.399607420 46.0583839417 204.8621215820
169 184.9550260948 29.3684358340 4.1451268196 32.6660995483 208.7074432373
192 184.9521030552 29.4312437084 9.1122360229 19.7819156647 209.1305541992
193 185.1285156251 29.4457881183 12.0412883759 18.7505607605 250.7114257812
59 185.0283729176 29.2821785715 0.57504212856293 44.3818588257 251.8896179199
179 185.2265157982 29.2550567024 12.4904079437 20.1303958893 252.0358428955
79 184.9904608467 29.2873546217 0.84978461265564 84.2726364136 278.4413452148
39 185.0228544507 29.2779511209 0.61910510063171 65.9071731567 293.7943115234
88 185.0180650596 29.2932850284 0.51344859600067 89.4191284180 294.4904479980
49 185.0251821475 29.2800820553 0.59168571233749 60.5582427979 308.9289245605
194 184.9338313492 29.4801806776 15.5817546844 32.4564170837 799.3899536133
