75 186.7734058181 44.2639237350 22.5393257141 6.5800876617 105.5452880859
61 187.2194858191 44.1130481007 6.3761658669 14.7987966537 120.1098480225
21 187.0086032915 44.1355779971 0.81854057312012 51.7780723572 132.3297576904
54 187.2774502346 44.1821342881 12.5073471069 16.3281154633 145.3302764893
42 187.2240581023 44.1978404233 9.3071365356 19.1055812836 150.4726867676
10 187.0163284146 44.0955375155 0.76631003618240 74.7173767090 211.4033966064
3 187.0306229408 44.0816840518 0.93834471702576 69.2630844116 211.5309906006
64 186.8130948568 44.1880042998 13.0342340469 15.1816797256 241.1696929932
11 187.0404717328 44.0981399828 0.59823036193848 89.7704925537 353.1425781250
18 187.0552726589 44.1155331510 0.52271437644958 106.9183197021 469.2646789551
15 187.0467147881 44.1107404816 0.50934851169586 172.7391815186 778.4542236328
43 186.7392992579 44.3106307523 33.7784652710 30.1990966797 1395.5767822266
14 187.0742818044 44.1094736314 0.64959186315536 317.2834167480 1415.7635498047
5 187.0388834735 44.0857091277 0.80563277006149 337.9758605957 1711.2403564453
17 187.0456502577 44.1135163927 0.50150966644287 358.0427551270 1792.6945800781
