48 187.7681458272 41.7336570921 4.1597523689 28.3711433411 107.0578308105
17 187.6051512931 41.6569166825 1.3838726282 48.7624511719 120.5808029175
49 187.7849550578 41.5108784124 13.2236690521 18.6710910797 138.5359954834
75 187.8758638497 41.8108689018 16.3851871490 11.1603031158 168.3558959961
12 187.6432606702 41.6472465667 0.82627099752426 46.1737747192 184.7436828613
4 187.6621116882 41.6361477372 0.94725281000137 65.5471954346 198.6278686523
5 187.6681369057 41.6371210826 0.9029273390770 80.7667999268 246.5374145508
18 187.6228400056 41.6577096609 0.98093378543854 94.7159652710 366.5152587891
22 187.7062594239 41.6824507049 0.74276190996170 210.8482971191 570.8350219727
11 187.6465436329 41.6463645258 0.81277459859848 139.9294281006 658.0403442383
7 187.6601461429 41.6421912003 0.80440491437912 213.2726440430 870.2604980469
15 187.6281383004 41.6532465786 0.93896222114563 290.7692565918 1481.9669189453
9 187.6510623701 41.6438923723 0.81960225105286 305.2456665039 1591.0072021484
16 187.634178120 41.6550758821 0.82260966300964 322.6680908203 1644.9565429688
25 187.6270498558 41.6950882511 1.0156496763 379.7183532715 1743.8442382812
6 187.679923110 41.6385295116 0.89308422803879 473.5512695312 2082.2102050781
