44 189.1246374067 26.0201163505 0.81825703382492 41.0142517090 101.5700683594
143 189.0077992124 26.3068485056 32.1056289673 6.4589271545 103.7685089111
81 189.0214970366 26.0431876109 2.1154334545 35.0207862854 107.4702453613
57 189.0160508540 25.9723897884 3.0664789677 27.7411231995 113.2490921021
138 189.1190993294 26.230853990 16.9386177063 6.8733091354 117.3586959839
38 189.0454000414 26.0131222044 1.0651892424 48.6699829102 121.5101470947
142 189.0910642155 26.2874087295 26.3801784515 6.7392992973 132.5037689209
33 189.0272227984 26.0066493134 1.7671843767 46.9628219604 136.1439056396
21 189.1302698024 25.9935662686 1.2458314896 56.1054725647 147.1185455322
17 189.1081490076 25.9920977671 0.8824331164360 60.4864768982 150.5337219238
92 189.2714066986 25.9422641411 13.0900716782 19.3700866699 176.7424316406
2 189.0333421355 25.9753794219 2.3339843750 52.9945793152 177.2522735596
137 189.1271902237 26.2015814819 13.1914672852 12.4374094009 185.6950225830
75 189.2312777470 26.0227592102 6.8046474457 34.5712127686 205.3478698730
1 189.114056880 25.9591867011 2.2535345554 77.5980529785 293.0415954590
127 189.0478978979 26.2027387197 13.4767827988 19.9292640686 294.2636413574
30 189.1170962838 26.0002133660 0.84885591268539 118.9647827148 315.0336914062
40 189.0608168943 26.0147160260 0.70275086164474 163.6347198486 481.9655151367
85 189.1158590991 26.1543321651 7.4934711456 59.0533370972 519.0686035156
107 189.0128923012 26.2180963520 16.3924865723 32.0584259033 578.3603515625
86 189.2448105201 26.1539757260 14.5372982025 48.5994262695 649.0842285156
34 189.0792475832 26.0074944172 0.59336984157562 252.8471679688 790.2329101562
10 189.0865962087 25.9876633487 0.88053828477859 411.6281433105 2183.22656250
4 189.0725339063 25.9820495434 1.1430375576 670.82031250 3147.1230468750
