41 190.3206228107 32.4856663372 8.9216890335 15.5499839783 104.2282257080
61 190.4175165866 32.6919730403 11.4269428253 13.3968963623 106.4769439697
21 190.5167784647 32.5690756258 1.1946115494 47.5475082397 122.2796478271
35 190.6074539315 32.5559454993 4.7777400017 25.7498340607 134.8112182617
38 190.3759162174 32.4392271432 7.1755886078 24.8572521210 148.8627929688
57 190.3612226367 32.6568015070 10.7244510651 23.2097625732 169.8385772705
17 190.5306337986 32.5427492464 1.0169278383 53.0274772644 195.5283966064
55 190.2622463849 32.63401340 17.7724647522 18.9638862610 198.3102569580
9 190.5004312324 32.5330660296 0.55489867925644 111.5263214111 302.8083190918
25 190.5216593576 32.6097314671 3.1263599396 60.6936759949 314.2915954590
20 190.5255055565 32.5462891920 0.93004614114761 101.1797409058 395.2998962402
1 190.4917874729 32.4810053549 1.4320515394 222.5821990967 852.7348632812
18 190.5462931071 32.5433260376 1.4381847382 200.9479675293 1139.9158935547
14 190.4815259455 32.5380341216 0.50971823930740 600.410156250 3328.1105957031
