82 198.944348230 42.0336549692 0.59410858154297 35.8159904480 105.0168991089
81 198.9621887152 42.0334336437 0.57358705997467 34.0067100525 111.5504684448
42 198.9565352554 42.0242434304 0.51038384437561 41.9112358093 128.4832763672
25 198.9745315123 42.0180539969 0.53783869743347 57.7980957031 146.4000396729
54 198.9640970037 42.0279464961 0.53322416543961 49.5564880371 164.3812866211
75 198.9139754315 42.0315351999 0.83606588840485 68.1300125122 167.6176300049
29 198.9155066988 42.0198044591 0.77082711458206 73.8193283081 184.5018920898
102 198.7287828165 42.0450983575 11.2820692062 30.8873157501 187.9067840576
70 198.9202182123 42.0303912098 0.74875771999359 94.4953918457 252.9385833740
91 198.9717915073 42.0375021821 0.64729619026184 93.9642257690 253.8545227051
119 198.8256017910 42.0679320543 5.0478477478 52.4156455994 261.7934265137
110 198.8758611220 42.0537465580 2.3051779270 96.9214019775 339.4865112305
76 199.0093531753 42.0316366790 1.1233297586 193.0163269043 618.8818969727
107 198.8315591448 42.0506280187 4.2347731590 273.6064147949 2144.0173339844
