183 202.4877910193 47.2658689666 3.4721870422 12.4037189484 104.5550460815
235 202.7047723832 46.9765730766 22.6421852112 5.1318325996 104.7711944580
37 202.4697824940 47.1809985663 0.64018702507019 28.1409034729 107.7475585938
49 202.4731958342 47.1906929873 0.66378152370453 17.2974624634 111.2487411499
87 202.5325817155 47.2126293866 1.0921145678 36.9187622070 126.8202133179
220 202.4947813179 47.2739936172 4.0877757072 10.8598737717 129.7993621826
8 202.4790601186 47.1563456829 0.69874680042267 42.3802947998 138.5957946777
51 202.4730157534 47.1926042149 0.68127596378326 19.9085731506 140.2260742188
95 202.4043795863 47.2250491702 2.9438745975 21.3526439667 143.8424072266
189 202.6097282921 47.0844836907 6.0968656540 16.8038520813 152.0098114014
180 202.5026656772 47.2584181212 2.9625387192 16.261718750 154.0036773682
238 202.8208469173 47.029662520 26.0136260986 7.0528559685 164.2125091553
218 202.4940846707 47.2622709284 3.1702651978 12.8801670074 180.1326599121
179 202.4259495798 47.2466751481 3.2140343189 25.8641433716 180.1608734131
234 202.6839111682 46.9721450680 21.9534034729 6.8690829277 180.5376892090
215 202.3887504716 47.2446996224 4.4603343010 25.3237895966 186.3280487061
108 202.5904279039 47.0610552721 7.2680802345 19.8871555328 192.9878540039
168 202.4111575717 47.2267158505 2.7992441654 38.8686637878 201.2885894775
7 202.4772827335 47.1560802579 0.71687334775925 57.2399482727 205.9961395264
221 202.7885175957 47.0368576298 21.9825019836 8.0454883575 208.7064208984
98 202.5194409068 47.2381910077 1.9716252089 42.2695617676 221.7256011963
242 202.7425954497 47.0641625139 15.5463476181 9.5472717285 221.9234466553
46 202.4534563457 47.1894023359 0.85616683959961 48.0309677124 236.3735961914
185 202.4084190420 47.2706084232 5.3033776283 31.4071865082 236.9289245605
18 202.5213543943 47.1697293736 0.54513090848923 69.5685653687 243.4993286133
99 202.4742395240 47.2421583546 2.2126605511 47.3546295166 252.0627593994
107 202.5706860329 47.0428526190 8.5553102493 26.0174465179 252.1838989258
65 202.4663489093 47.1962459016 0.77962917089462 25.8054180145 267.8054504395
101 202.5082257681 47.2518768822 2.6308796406 49.6134910583 270.0152893066
181 202.4992494170 47.2612081363 3.1072363853 18.5958347321 275.6575622559
120 202.6416866490 47.1619934501 4.2991847992 47.4485626221 279.7753295898
66 202.4683860760 47.1971939673 0.77067726850510 32.8491859436 295.714843750
94 202.4124971793 47.2233666196 2.6628868580 56.5232696533 320.8766479492
96 202.4929892035 47.2257438661 1.3177583218 60.6616706848 327.4131774902
89 202.4760337781 47.2167857682 1.1183066368 78.3325958252 335.0126037598
222 202.8063444761 47.0490600830 22.3859119415 13.4751157761 367.0928344727
192 202.7493217734 47.1007024984 13.4553089142 19.2869300842 415.5739746094
57 202.4758225581 47.1936768465 0.67302542924881 53.2453765869 418.6531677246
69 202.4703563015 47.1979070753 0.76327180862427 42.1013870239 433.3777160645
28 202.5459709963 47.1781220945 0.77485573291779 135.6145477295 450.3633728027
105 202.4701838852 47.2789821826 4.6210293770 57.8344383240 471.5726013184
102 202.4309254338 47.2569875148 3.7421019077 62.6002616882 489.2906188965
150 202.4684209829 47.1966811425 0.76542681455612 55.4493141174 541.0538940430
25 202.4641266915 47.1757544957 0.68253570795059 135.3531036377 584.7274780273
64 202.4709719383 47.1962755169 0.73767715692520 54.1851997375 656.2786254883
2 202.5269653689 47.1429839261 1.0213748217 191.5916137695 671.4763183594
67 202.4707643935 47.1972069335 0.75222045183182 55.7854919434 711.5622558594
186 202.6842246179 47.0665783642 11.2921161652 52.104965210 725.6503295898
53 202.4305557627 47.1930407818 1.3304954767 145.7273712158 754.3096313477
103 202.5251334760 47.2618246356 3.2577910423 125.5547256470 816.4682006836
36 202.4899281247 47.1801994134 0.52661830186844 198.5726470947 930.1758422852
104 202.4896835978 47.2700163285 3.7870287895 60.7889938354 956.5922241211
73 202.4901255463 47.2017806009 0.69414740800858 211.5129699707 1077.0062255859
106 202.7196040306 47.0413749234 15.7648649216 40.9170265198 1208.4924316406
184 202.4980191738 47.2661247052 3.4545750618 54.8626289368 1315.0963134766
85 202.4145219006 47.2121605483 2.2565722466 186.9809265137 1393.1385498047
31 202.4422094712 47.1784399783 1.0194122791 244.3849182129 1397.4868164062
71 202.4612436537 47.1986978772 0.85654163360596 175.5180816650 1680.2519531250
81 202.4166643536 47.2102898167 2.1420726776 265.7802124023 2024.9407958984
100 202.4739098148 47.2432969293 2.2795002460 301.2904357910 2183.7141113281
60 202.4697685029 47.1952825995 0.73120385408401 163.078628540 2596.9995117188
92 202.4961523382 47.2218113337 1.1866724491 543.2319335938 4540.6025390625
1 202.7652600802 46.9952575562 24.6303977966 78.3333740234 4994.3041992188
58 202.4700133793 47.1943689028 0.71945798397064 252.2643585205 5983.5756835938
97 202.5042565334 47.2288975456 1.4171642065 830.4443969727 10603.2597656250
40 202.5315011982 47.1850702567 0.62502509355545 1452.3680419922 11904.9541015625
