138 202.6215156609 47.1939571243 2.8875482082 21.1850910187 101.4097900391
106 202.5250882550 47.2346575031 1.7396388054 20.7416362762 101.5656890869
98 202.4481386437 47.2169699698 1.6465507746 21.2251777649 102.1966857910
13 202.5188402036 47.1637725870 0.55504351854324 30.4470024109 102.1967010498
72 202.4397983621 47.1975745657 1.3511638641 24.5804462433 103.4537200928
155 202.6045669042 47.2206832867 2.8494234085 24.1214237213 106.1777420044
231 202.4927509828 47.2625479601 3.2319867611 10.1754484177 108.8025207520
67 202.4828768007 47.1957464553 0.68884861469269 20.2658252716 119.0094985962
240 202.7177174331 47.0694910723 12.6491479874 5.5936646461 121.7245864868
53 202.4732571879 47.1906834116 0.72329431772232 18.9085617065 124.5410995483
52 202.4370318314 47.1902004678 1.3324905634 28.7012233734 125.3990402222
200 202.3489752758 47.2039343634 5.2898960114 15.1066226959 126.4377136230
113 202.6100141569 47.0842796992 5.8700556755 14.1109580994 127.3504486084
92 202.5054890881 47.2121929577 0.86126106977463 31.8437538147 127.6904678345
95 202.5325801623 47.2126079169 0.98544251918793 35.5985336304 134.9594726562
186 202.6477320036 47.1088612697 5.9453220367 16.1694316864 137.4712066650
59 202.4784214610 47.1933892569 0.70263862609863 23.7587203979 139.8673400879
243 202.7335301019 47.0851132615 12.7332201004 6.9267482758 140.4070129395
179 202.4878793156 47.2658518266 3.4649519920 17.7403850555 147.3630065918
9 202.4791272032 47.1563260338 0.77635902166367 40.9275932312 154.9838562012
24 202.7255197565 47.1738131126 8.9048614502 16.6257934570 156.2364654541
56 202.4731622485 47.1925672232 0.74519246816635 20.0373992920 156.4217224121
159 202.4044797885 47.2250896045 3.1649045944 23.4525547028 161.9007110596
40 202.4698267214 47.1810026040 0.71056240797043 42.4111671448 162.7050018311
236 202.8212864727 47.0302432246 25.3115558624 6.4936447144 170.3133392334
175 202.4259343965 47.2466958593 3.4464681149 25.2893028259 176.1595458984
8 202.4773690296 47.1560546869 0.79409188032150 48.7092590332 185.8257751465
103 202.4930605173 47.2257279077 1.3243209124 42.7020454407 196.7379302979
219 202.7424750087 47.0638650395 14.9906024933 7.3932447433 200.2555541992
174 202.3889713231 47.2445857233 4.7338433266 25.7391014099 206.4547729492
108 202.4741707619 47.2421433418 2.2768847942 38.6924095154 227.0514678955
51 202.4534637661 47.1893641358 1.0013805628 48.1364288330 230.4114074707
107 202.5193938509 47.2381494469 1.8860323429 49.7720718384 247.0410766602
110 202.5083512788 47.2518819883 2.5859501362 43.1733589172 250.6545867920
20 202.5214107977 47.1697107718 0.52416038513184 66.2444152832 250.9736938477
69 202.4663556347 47.1961918570 0.85519540309906 25.9588832855 253.1519012451
178 202.4990711959 47.2611494222 3.0813970566 21.7938747406 279.7044372559
181 202.4896171050 47.2699340655 3.7851705551 34.197643280 284.2745056152
12 202.6416920929 47.1619822026 3.8787589073 44.1857643127 285.0377502441
222 202.7743165731 47.1048388691 14.7626552582 12.7298326492 305.1329956055
97 202.4761504746 47.2168037229 1.1782073975 72.9305725098 322.0792846680
102 202.4124238764 47.2233286352 2.8645193577 46.6139564514 329.8338928223
104 202.4112248145 47.2266937391 2.9937570095 44.7227249146 334.7070922852
217 202.7705267977 47.0006296759 23.5977878571 16.6855278015 381.0054016113
31 202.5460006530 47.1781033565 0.66405940055847 116.3662719727 403.6548767090
143 202.4691355607 47.1983736848 0.84501874446869 37.9586982727 405.8283996582
11 202.4478274283 47.1613075037 1.1751077175 87.9261474609 424.1293334961
61 202.4758443516 47.1936406639 0.72627401351929 50.4932403564 433.2793884277
218 202.8064010042 47.0495929075 21.7329406738 13.5284614563 437.1630859375
111 202.4309223262 47.2570071153 3.9239692688 57.2504959106 464.2185058594
2 202.5270008592 47.1430090668 0.98547679185867 142.7343750 496.6034851074
112 202.4084667460 47.2706627641 5.4923748970 52.0713844299 506.5665893555
29 202.4641857625 47.1757330448 0.78244835138321 118.3492736816 528.7263793945
68 202.4710900896 47.1961993321 0.80535161495209 47.7890663147 542.5605468750
141 202.4709329863 47.1971545123 0.81794786453247 48.7094955444 616.7515869141
76 202.4613164653 47.1986807829 0.97220671176910 66.3449707031 637.6090698242
140 202.4681618895 47.1968730940 0.83909320831299 55.5317840576 680.2096557617
180 202.4981684524 47.2660853841 3.4330294132 47.4769248962 694.8323974609
33 202.4422608443 47.1784197871 1.1823037863 158.5365295410 751.7489013672
183 202.6844469284 47.0665567465 10.8741579056 49.7827377319 808.4844970703
66 202.4682187452 47.1955533654 0.82431131601334 54.8496856689 815.4542846680
75 202.4701092843 47.1979596232 0.83352875709534 62.1565132141 864.2330932617
70 202.4697842885 47.1966079102 0.81899958848953 69.5958328247 865.8505859375
82 202.4901966455 47.2017669122 0.7131747007370 198.9115753174 1051.3829345703
182 202.7196935897 47.0414091022 15.6271543503 34.6860847473 1070.3088378906
115 202.7478032066 47.1014275597 12.8197393417 48.3514823914 1198.2061767578
39 202.4899855326 47.1801862390 0.55934584140778 241.1267700195 1247.3365478516
101 202.5180424450 47.2224565077 1.1980727911 270.9048461914 1491.4509277344
90 202.4166618769 47.2102617972 2.3781917095 211.7059326172 1697.4952392578
58 202.4306132144 47.1930226878 1.5694986582 251.0933837891 1834.9606933594
93 202.4145936892 47.2121370454 2.4864418507 249.0744476318 2103.3283691406
109 202.4739715421 47.2432804873 2.3432741165 317.7259216309 2375.7922363281
64 202.4697564283 47.1953194442 0.80844646692276 154.3096466064 2405.0100097656
100 202.4962207843 47.2217892297 1.1842172146 502.1810302734 3949.6225585938
62 202.4701298192 47.1943997626 0.79663503170013 265.8054199219 6257.6059570312
45 202.5315559202 47.1850526226 0.55285805463791 993.6984863281 6938.9541015625
105 202.5043147085 47.2288764519 1.3928972483 769.8284912109 7267.5092773438
