30 207.6119685394 59.9531911178 8.4637908936 18.2704010010 101.1648254395
2 207.8385178496 60.0685983928 1.8566727638 46.0144844055 108.8832702637
10 207.6722859803 59.9382388166 8.9727811813 19.5522937775 114.2783508301
4 207.6352163599 60.0821926480 1.1782320738 54.8205757141 125.1062088013
13 207.8944627116 59.9890975718 6.8203272820 25.6357307434 134.6626129150
78 208.1846261013 60.1432891382 20.8359107971 12.1917953491 137.3551788330
8 207.7398713111 60.1375696625 1.5610677004 60.1723213196 150.4967193604
11 207.6881649095 59.9724304074 5.5715484619 37.9006996155 180.5784301758
57 208.1739757214 60.0529487445 19.3760776520 18.8218555450 273.5666809082
20 207.3668797206 60.1037075466 12.6395463943 41.9670181274 414.1150817871
