57 210.8017782824 54.2984451213 2.4622697830 20.5659885406 100.6041183472
177 210.5542615723 54.5165201542 15.3719005585 7.6389493942 105.3008193970
52 210.8354464936 54.2757281427 4.2154703140 17.5683441162 105.6265945435
72 210.6355481457 54.3337605291 3.7725403309 32.4243583679 111.7627868652
56 210.7718325915 54.2978917302 2.4381415844 31.2421016693 112.9158477783
48 210.8277393432 54.4082700223 1.3138186932 38.7855796814 113.0807266235
4 210.8070134927 54.3192013146 1.4231667519 33.8924751282 114.1434707642
130 210.5590074097 54.3856876318 7.0513715744 16.4699611664 120.1339721680
28 210.7660844408 54.3591520229 0.53360313177109 46.5071411133 130.4891357422
171 210.5709082472 54.4668403979 9.9541492462 13.7935209274 130.7971191406
49 210.7850511877 54.4163962167 1.3085142374 49.8171501160 146.9484558105
2 210.8095593681 54.3017434312 2.3358874321 35.1374206543 149.2103576660
61 210.9009994767 54.3041683122 3.9816153049 25.9135341644 154.2303619385
190 210.3067983879 54.5041607755 35.6008567810 7.5998711586 169.1108398438
106 210.8545446957 54.5071448855 8.7139225006 21.4836616516 171.7970581055
1 210.8160206544 54.2968032680 2.6384482384 39.5778007507 180.1370697021
87 210.5585020602 54.3669515945 6.9895977974 23.7084312439 208.8005218506
141 210.6199048351 54.4419369640 6.0215377808 32.7667655945 228.9153442383
54 210.8981111237 54.2858686081 4.9444427490 35.1509895325 233.8096313477
5 210.8402953480 54.3222352075 1.7362052202 58.5443801880 237.4151306152
18 210.8022713864 54.3489855086 0.66850143671036 59.959110260 247.9226379395
34 210.6934505763 54.3644672092 1.4370416403 86.9147415161 263.6166992188
51 210.6959982559 54.4486027072 4.0693473816 48.7493743896 265.0610656738
7 210.7808863295 54.3272757739 1.0870352983 94.5306854248 299.0683288574
118 210.9221527824 54.3178133586 4.1029105186 28.4860038757 307.0924377441
3 210.8253824467 54.3064053178 2.2489666939 72.3736724854 328.2502746582
193 210.4088345539 54.5558343796 30.7222652435 12.4474782944 351.3708801270
39 210.8748467255 54.3746606090 1.5915259123 95.8001403809 385.5991516113
105 210.5438531148 54.5032071132 14.5697555542 21.8752689362 487.5611267090
6 210.9000102097 54.3235761995 3.0483222008 90.9997787476 582.5697021484
22 210.7202574190 54.3531985639 0.99345874786377 187.8073425293 629.2257080078
36 210.9744122594 54.3660159291 5.4029016495 52.8330574036 634.5284423828
9 210.8397483930 54.3294105154 1.4319097996 175.8153839111 839.5001831055
10 210.8507529517 54.3302309654 1.6315131187 185.7410888672 992.86718750
25 210.6247437572 54.3552191940 3.8164117336 281.1658935547 2297.3305664062
50 211.0593753003 54.4343755248 11.9936618805 199.9274291992 3662.7531738281
20 210.8849006691 54.3508289967 2.0216445923 720.8518676758 6513.1826171875
