43 211.5067551841 53.7987430288 15.4635372162 7.5549478531 102.1096725464
40 211.5645573963 53.7129598588 13.8917951584 10.8764438629 103.7835006714
8 211.1779715649 53.6530083322 1.3569489717 46.0244750977 107.9402236938
30 211.2421243865 53.4879270803 11.7921562195 15.2737751007 125.0724792480
4 211.2649927569 53.6391840001 0.64492678642273 56.7077064514 130.0760803223
52 211.5063723307 53.8387016648 20.0163574219 10.8806457520 133.5809020996
5 211.2971341788 53.6494059230 0.66170775890350 81.3571319580 200.6017456055
29 211.2692406974 53.7456883931 3.2475895882 59.7946357727 215.9315338135
7 211.1993214184 53.6502836572 0.98585230112076 178.8289642334 459.2903747559
2 211.2489024944 53.6358306631 0.70544457435608 923.5796508789 5128.0263671875
