65 10.6850112459 41.1995464402 1.8134186268 24.6870632172 100.3552093506
32 10.6828456680 41.2677346266 0.58717077970505 28.1028308868 105.2198944092
73 10.7862166223 41.2133792730 2.9184024334 21.2263774872 105.8544082642
36 10.6850299680 41.2686985617 0.58242261409760 38.6305427551 118.4777374268
50 10.6830049309 41.2749098708 0.64852601289749 35.6763801575 120.1443862915
29 10.7051976180 41.2669641702 0.53520226478577 45.1467170715 127.4283523560
164 10.6468479357 41.3349701388 3.3687882423 26.1212978363 130.7163391113
52 10.7185260660 41.2802104080 0.74003624916077 45.7251510620 138.6224212646
10 10.6764486833 41.2459410431 0.61232841014862 50.9535789490 141.5861206055
8 10.5965702750 41.2354981316 2.8857798576 27.4190578461 149.0665435791
34 10.6849816394 41.2681500527 0.57911223173141 41.9945564270 153.6772918701
5 10.6695028397 41.2242792521 1.0162317753 61.0492744446 169.5890502930
25 10.6792492341 41.2619933875 0.57959514856339 60.2164916992 203.1182403564
20 10.6996398297 41.2591341005 0.50011461973190 61.1803016663 204.2792205811
56 10.7661742069 41.3013704046 2.3245663643 53.3727149963 227.1490936279
27 10.6770573399 41.2649059770 0.60256302356720 70.9442901611 245.6833953857
51 10.6823596234 41.2756717439 0.66101288795471 71.7921752930 248.6793060303
163 10.6087835323 41.3208636503 3.8028604984 40.9898338318 253.7963562012
58 10.6676812846 41.3125643727 1.8905817270 82.4429473877 292.2722473145
46 10.6880640327 41.2726850224 0.59834241867065 69.4638519287 304.3190307617
26 10.6667165686 41.2632052189 0.68522119522095 96.2156219482 326.9967956543
1 10.7413684133 41.1845894845 2.9255201817 73.9768829346 355.2893981934
60 10.630327850 41.3274969331 3.3615007401 61.5926284790 364.5552673340
97 10.8930263335 41.2231219852 9.2247200012 38.8630981445 367.3198547363
2 10.6992756933 41.1871464617 2.4181594849 93.4308853149 434.4293823242
31 10.7289891781 41.2675592245 0.67409491539001 147.4790344238 462.1961364746
30 10.5896128118 41.2670502408 3.0327634811 71.6590042114 467.2712097168
35 10.7495395256 41.2682625650 1.0676616430 163.6942596436 530.7227172852
42 10.6957725631 41.2709920142 0.56813538074493 131.0368957520 577.1589965820
167 10.8715081574 41.1300165709 13.0706338882 28.8165645599 594.4549560547
47 10.6298096031 41.2726860680 1.5139091015 171.7976074219 767.7178955078
4 10.6337512050 41.2206503396 1.9028003216 185.7909240723 956.5401611328
61 10.8100927779 41.122718240 10.2735099792 76.3958587646 1187.2979736328
49 10.6966486597 41.2745590180 0.59581214189529 291.1172485352 1446.0119628906
59 10.7189604899 41.3151161513 1.9253391027 296.5856018066 1508.0648193359
11 10.7943504415 41.2475957472 2.6105499268 257.7330017090 1663.9797363281
21 10.5957217617 41.2598117186 2.7887418270 239.7924499512 1671.1207275391
13 10.7022876532 41.2558639749 0.49386680126190 332.8332519531 1700.8559570312
33 10.6608728954 41.2676927215 0.78496456146240 826.8361206055 5761.136718750
