44 227.6246101633 57.0868517178 3.1228182316 21.1933822632 102.1561431885
99 227.2571511023 57.0120312787 7.2670593262 16.0277366638 103.7764892578
8 227.4410614584 57.0167830804 1.0028476715 44.4689826965 106.7861785889
5 227.4429263674 57.0009091403 1.4179962873 29.4871482849 107.7123489380
57 227.2481766412 56.9908072093 8.4280157089 14.7163152695 109.3757705688
18 227.4720212728 57.0965715295 1.5468678474 37.8553428650 114.6361312866
17 227.3749550685 57.0702724923 2.3836805820 40.6901245117 133.5427246094
55 227.3567486973 56.9581736415 5.5409083366 29.8836364746 147.3095245361
19 227.5431130152 57.1025430014 2.1065616608 50.8245735168 178.4449005127
1 227.3995347025 56.9896635536 2.6501522064 72.9292984009 277.8543701172
7 227.4740128736 57.0133907234 0.80021548271179 104.6653671265 284.7883605957
52 227.2462090386 57.1077045853 9.0645971298 44.5506820679 355.1452331543
3 227.4566442167 57.0000722474 1.3088757992 171.9906463623 616.0828857422
88 227.4207346093 57.3029111665 25.4838218689 46.8351211548 1625.9499511719
11 227.5121535404 57.0453984104 0.53934109210968 938.0985717773 5133.7465820312
