67 23.4271113754 30.7147805617 6.1369113922 15.0204305649 105.4801559448
76 23.4309962695 30.7752376396 9.5426359177 13.6167497635 107.3574829102
100 23.0972278571 30.5584272740 15.8782997131 7.4890489578 108.1363143921
81 23.3499242647 30.8055572277 7.8721766472 17.2201480865 109.8282623291
8 23.2648863452 30.6510563402 0.93898916244507 45.8429565430 111.6870498657
30 23.4602851705 30.6393225799 8.9691801071 11.3930673599 114.6343841553
53 23.3997547463 30.6076289757 5.5922746658 23.3255729675 123.3583679199
98 23.3727306564 30.8196024499 10.0692310333 15.5939121246 137.0681915283
112 22.9154633520 30.7132671179 38.9390068054 10.5592298508 140.7445068359
85 23.4736299572 30.5878987683 12.7571744919 13.0595531464 146.4398345947
89 23.4715800737 30.6005673614 11.6207075119 11.2963371277 149.3641357422
48 23.3995744862 30.5594797209 8.9901371002 20.4683780670 177.1521911621
57 23.4439025585 30.6302485157 7.8016567230 20.8802394867 190.0832824707
25 23.1809054417 30.5852358715 7.3237352371 28.3808307648 193.7843780518
114 23.0280500520 30.8163051965 26.4263439178 14.1404457092 207.9310760498
45 23.3720672092 30.7523726301 4.5817632675 43.6469688416 229.5992431641
26 23.3497483351 30.5882734663 4.5107035637 49.5826339722 262.3379821777
23 23.3776550152 30.5678956042 7.0305233002 34.6064720154 276.7792968750
40 23.3709017655 30.7047273086 2.5402522087 70.3461761475 282.6423950195
22 23.3802386783 30.5593612794 7.9215660095 38.9669189453 319.0768432617
34 23.4246989249 30.6469393484 5.7911071777 45.1956405640 357.8837280273
4 23.2992970311 30.6452298931 0.83998662233353 147.0024261475 604.082031250
3 23.2994052463 30.6446191064 0.85022771358490 210.9137420654 1208.3839111328
2 23.2231989530 30.6375018320 2.5585193634 275.2539367676 1278.4663085938
1 23.2245098011 30.5533332858 7.7158226967 143.8796997070 1498.1539306641
21 23.3516821633 30.7339758377 2.7300193310 638.7836914062 6494.7104492188
