41 268.0311565006 22.9750623828 6.0969929695 14.5931148529 103.0268478394
58 268.0818712975 23.1833775121 10.3083581924 13.3494644165 105.3029785156
25 267.8683203125 23.0501037837 3.0977520943 25.3858356476 105.7326202393
15 267.9971120393 23.1068014040 1.4181764126 36.1822471619 124.7571868896
54 268.1405438755 23.1328646001 12.8435821533 13.8937644958 127.6791992188
40 267.9260007271 23.2200925703 9.0723314285 22.6231536865 167.0143127441
18 268.0112538810 22.9956928325 3.9324939251 32.3042755127 185.3150939941
17 268.0427808068 23.3237342654 26.8309268951 16.6567344666 271.2069091797
39 268.0215339918 23.1792288642 6.2506451607 40.0849685669 307.3086853027
1 267.9545937446 23.0240683437 1.3817259073 149.1567230225 487.6013793945
