134 308.4223799052 60.3184065534 17.3180160522 9.8586854935 102.1375045776
37 308.6435608460 60.1758203711 1.0586271286 40.4713554382 102.4079360962
111 308.7437533241 60.2382539702 5.6140027046 19.8350772858 104.5212402344
46 308.7722319644 60.1064454030 2.5284907818 33.0941276550 110.3065719604
116 308.5401530879 60.2704869371 8.5844736099 17.7167510986 118.4330062866
99 308.3167947935 60.1860521879 11.3134860992 19.0210628510 129.8191375732
132 308.2748044094 60.2727510923 19.9791526794 10.313460350 137.8445129395
112 308.4422753485 60.2386327319 8.3916339874 27.7614421844 167.4364318848
29 308.7580952779 60.1676873654 2.2503306866 45.0235862732 171.8190155029
7 308.8032420896 60.125567310 3.0517368317 46.9352798462 194.8220520020
15 308.6041433931 60.1517090375 0.66154229640961 72.1191482544 196.7629699707
9 308.7019012224 60.1365499953 0.8148570060730 79.1800308228 209.0594024658
1 308.6133072442 60.0362736845 4.4319458008 58.9415092468 244.8062286377
40 308.7043936273 60.2048882508 2.7568557262 62.6586112976 247.0865325928
20 308.7180974569 60.1539276867 1.1560359001 68.4541015625 298.4603576660
3 308.7033738166 60.0985918001 1.3465650082 122.4591827393 335.7173156738
27 308.7405635839 60.1636083740 1.7473900318 88.9536437988 377.2463684082
12 308.7354148881 60.1428322519 1.3211718798 116.3295211792 392.1290893555
32 308.7540033638 60.1697627462 2.2133917809 92.3203659058 403.3963012695
74 308.8281512155 60.1824111326 4.7865204811 63.8653831482 463.5788269043
41 308.3428266808 60.2316257771 12.2745618820 60.2386970520 683.6483764648
24 308.6521605362 60.1584801781 0.67994475364685 275.4188842773 859.2564086914
18 308.6088599401 60.1526331746 0.65174293518066 266.6162414551 869.6345214844
19 308.7180857849 60.1532617686 1.1472487450 160.0967864990 889.9661865234
17 308.7505532542 60.1522690418 1.7548965216 344.9733886719 1897.4963378906
39 308.7530718053 60.1918787436 2.9247205257 726.3859252930 8300.0380859375
