1 35.6518606137 42.2918088546 1.0848116875 38.2440032959 103.8107223511
46 35.6108974947 42.3650459663 1.0344449282 33.7845764160 104.3832702637
43 35.6514033780 42.3598760486 1.0831164122 32.8218688965 107.5642929077
57 35.6000234844 42.2543600443 2.5909850597 32.8833465576 113.7085418701
61 35.6971109562 42.2850632452 2.4170970917 29.3039493561 116.8290176392
60 35.5249713751 42.2810412453 3.1956906319 25.0804100037 117.2458572388
160 35.3632332101 42.5184015061 27.1544876099 8.8040657043 119.8012237549
144 35.5284855836 42.1363689922 15.6767721176 6.5038642883 130.9039459229
137 35.4280163225 42.4475830409 13.7732877731 11.6064376831 132.0541229248
108 35.3685282512 42.3072373894 13.8488407135 12.5049390793 132.1724243164
104 35.4337625431 42.2752655163 8.9241361618 19.2927455902 143.9804840088
49 35.6536158664 42.3739198801 1.5412491560 30.339433670 161.9362335205
153 35.2883698330 42.3355853872 22.7024650574 11.1918783188 197.2826843262
22 35.6305040291 42.3393711168 0.58396041393280 42.9704132080 197.7718963623
94 35.5336126533 42.1959608473 8.6357402802 24.1069431305 213.2138366699
91 35.6350980787 42.4087277825 3.1208055019 32.665889740 215.4422912598
7 35.6097890121 42.3092223427 0.56828308105469 71.5446319580 218.5292510986
39 35.6151764782 42.3522741704 0.72174638509750 67.7623825073 226.2777557373
88 35.5629012657 42.3946864951 2.9900183678 42.6074829102 234.4722900391
59 35.4289512372 42.2765496246 9.2728004456 32.6008377075 253.7383880615
131 35.3012737389 42.2853353627 22.2237815857 14.9707469940 289.2037353516
142 35.5146864448 42.0613302082 28.4567050934 9.9146757126 317.1979675293
55 35.5675566865 42.1999607517 7.2299752235 36.2949829102 349.3528747559
106 35.3467703576 42.2897561551 16.2489643097 22.9684734344 368.9051513672
23 35.6209509623 42.3393351304 0.56848788261414 97.2901382446 368.9530639648
30 35.5633282840 42.3456198354 1.2538369894 109.3795852661 370.0696411133
35 35.6491643403 42.3478902524 0.80547112226486 100.8613128662 448.8465576172
139 35.3629442560 42.4817316415 22.5844440460 26.0055580139 525.2305908203
92 35.6358820841 42.4386939466 5.4601011276 77.9304809570 532.6965332031
37 35.6435646994 42.3499482140 0.78226023912430 108.3265686035 541.7419433594
47 35.6546894636 42.3660158011 1.2858017683 166.9035797119 780.2456054688
52 35.6756295633 42.4006677849 3.2180459499 107.4420852661 800.1792602539
93 35.5653590353 42.1418995046 13.9309911728 34.7526969910 811.3670043945
44 35.6017661632 42.3606403745 0.96108114719391 250.2280426025 1042.7196044922
54 35.5550329828 42.1455369712 13.6560392380 61.9742202759 1685.4881591797
53 35.6054773357 42.4140723840 3.53419590 255.6788330078 2286.6516113281
16 35.6304712971 42.3325739929 0.53451001644135 456.7744445801 2472.2800292969
24 35.6308707653 42.3399588729 0.58914321660995 537.6655273438 3176.6591796875
