102 171.7523221402 57.0532263448 13.5630235672 6.9333620071 100.5268554688
64 172.1854821652 56.8828475567 10.6154298782 14.7661218643 103.5763168335
42 172.0189573625 56.8921886270 2.6112434864 31.9708671570 105.4655151367
95 172.2754508849 56.9681958559 20.0407218933 8.2489662170 107.1120452881
91 172.0297084133 57.0981723237 20.2386245728 9.2463998795 111.7810058594
6 171.8948336205 56.8729808808 0.54656934738159 37.7450866699 112.796371460
78 172.2405866515 56.8930302506 14.5070009232 11.1018552780 117.2799682617
16 171.8749291770 56.8804085379 0.50237828493118 37.2246017456 126.0553588867
72 171.6650413676 56.9683083792 8.8530902863 18.4967021942 134.4508056641
3 171.9682633646 56.8397349006 1.9861878157 39.7573204041 135.0099029541
7 171.8910493850 56.8734127981 0.53433614969254 44.4802513123 139.2139739990
89 171.6423378299 57.0156002133 13.9409866333 9.2678709030 140.6841430664
26 171.8842388877 56.7777130822 4.8039736748 29.0566272736 158.0438079834
53 172.1065967316 56.9652832184 8.7878503799 21.7474002838 162.0993194580
101 171.6094295268 57.0487537292 19.1518859863 8.3322935104 165.4017333984
12 171.8824629103 56.876914820 0.51131868362427 48.8664588928 196.6090850830
18 171.8710378562 56.8836301008 0.49956807494164 68.0082855225 199.0379333496
52 172.1698237975 56.9612258227 11.9686756134 21.5048980713 224.5778350830
88 171.5402734902 57.0114626465 19.7175807953 21.7558956146 353.8056030273
25 171.8093778357 56.9402024805 2.4770531654 126.0902786255 603.4191284180
2 171.9172013281 56.8374163868 1.3129855394 483.7700805664 2203.1186523438
