25 114.3636037432 65.5172925568 3.9057624340 21.5444908142 101.1108703613
7 114.4187217170 65.5893767051 1.2985657454 47.3912010193 114.7309494019
17 114.1922404222 65.6038242693 1.3490644693 47.0984878540 124.0785751343
2 114.3409702676 65.5548361011 1.6272202730 51.0823440552 150.0001983643
14 114.3211058274 65.5994399584 0.53265076875687 62.9761505127 151.7623596191
18 114.1750173757 65.6144167924 1.7214399576 50.8938331604 159.2196350098
78 113.7485578429 65.7525014365 27.8805294037 9.0321187973 172.8379974365
5 114.3120629604 65.5747418542 0.86559242010117 95.8328704834 238.5327301025
27 114.5013868133 65.5357277527 4.9498157501 48.4895515442 285.7985229492
1 114.3891309541 65.5521094861 2.1294984818 92.0017013550 320.5773925781
21 114.1423337935 65.6485800654 2.9769937992 89.9544830322 396.1625671387
16 114.2086437370 65.6010447743 1.1405395269 145.2579040527 416.2690734863
3 114.2983391505 65.5627465002 1.2589142323 174.4205932617 515.9166870117
23 114.2596611958 65.6597412205 1.6742566824 320.0272827148 1473.7532958984
9 114.2316831788 65.5946882869 0.90065526962280 615.5836181641 3091.5720214844
24 113.7884262410 65.6734313140 19.3799934387 105.2586746216 4345.18750
8 114.1064923334 65.5944335688 3.3302927017 503.0696411133 5334.5146484375
