84 12.2901792121 32.2248754636 8.1499767303 14.8767480850 103.3678970337
7 12.4744692894 32.2628642758 0.74609315395355 46.9207267761 104.2567749023
64 12.5345752729 32.3633635755 5.6546959877 28.3070278168 112.0069732666
70 12.4200296651 32.1422345469 7.6887135506 20.2987575531 123.7675628662
26 12.3868450984 32.1627793386 6.4060583115 25.8272705078 146.8080291748
65 12.3539695249 32.3702381976 6.1046228409 27.5733604431 154.5451507568
63 12.5626921094 32.3594547784 6.9008369446 29.0214786530 179.7688446045
3 12.4727738805 32.2456476124 1.0166659355 82.2051925659 188.0908813477
29 12.5345075303 32.1836326746 6.0778660774 34.4966278076 200.5727844238
68 12.4443793421 32.3966092322 6.0056662560 44.5983619690 240.4626464844
69 12.4005269783 32.4107042123 7.9136986732 37.5208854675 254.3533782959
76 12.3035134456 32.1676369543 10.4741420746 32.9804725647 277.6942138672
60 12.5921521389 32.3509050472 8.5542583466 41.4973793030 296.1053771973
9 12.3747692963 32.2660862553 1.8906384706 192.4475708008 746.4625854492
