97 133.2741063575 51.4842337026 12.3824663162 10.7578506470 109.1312026978
24 133.3871024541 51.3391381461 0.66311657428741 42.6706504822 110.2423248291
11 133.3872562694 51.3137487587 0.54664295911789 28.4370326996 125.9833450317
77 133.1548864970 51.4379903643 12.9069900513 14.9896545410 132.3989715576
45 133.4853234535 51.3377094942 2.6267905235 33.4101676941 139.6403045654
99 133.3771343150 51.5025494978 13.2819023132 12.1649932861 140.8498077393
14 133.3896695949 51.3145572774 0.55752348899841 37.4130096436 145.4164581299
1 133.3656100914 51.2511185058 2.2762260437 41.9867553711 158.9851226807
9 133.3675938759 51.3096888574 0.50928312540054 61.4177017212 169.6448364258
79 133.0244693206 51.2523330657 19.6268711090 14.0783462524 213.0345458984
54 133.3817588842 51.4463193217 6.8613967896 32.8212814331 224.6058502197
32 133.2395142335 51.2831133306 3.612269640 48.4561462402 226.2823028564
98 133.3194373738 51.4906331948 12.2542810440 21.2453422546 230.1047363281
19 133.3989354251 51.3215320956 0.60619789361954 83.4893798828 237.3536376953
30 133.5047334453 51.2681688677 4.2019176483 42.1086082458 246.2476959229
2 133.3887589866 51.2846750143 0.90573996305466 93.1503067017 259.558593750
31 133.2384474375 51.2738661456 3.9787585735 51.6932182312 273.3617248535
6 133.2791727912 51.3028969401 1.8532068729 90.5096054077 329.7624511719
55 133.4473587458 51.4864198244 12.0794496536 30.7136764526 383.6802062988
21 133.3902092628 51.3249141704 0.57048487663269 120.8711471558 384.0105590820
65 133.1243209829 51.2698165573 10.3539533615 50.0050773621 645.1159667969
5 133.2804302025 51.2966196773 1.9202578068 257.8970336914 1329.4851074219
