44 143.0515076637 21.5137556992 0.85366201400757 30.6124362946 102.2705688477
147 142.8896783345 21.7181699019 26.2037773132 8.1749792099 114.9988784790
121 142.7911704493 21.5227498397 19.4557456970 8.0216598511 116.8138656616
143 142.8405217649 21.6670566074 23.8133277893 7.2974476814 126.3946838379
29 143.0421794909 21.4996995884 0.59637820720673 25.0980281830 132.4534606934
86 143.0351393310 21.3599091783 6.7336516380 18.6008701324 132.9548492432
93 142.9408647448 21.4296639440 4.5984883308 25.3688869476 138.7687683105
40 143.0480462387 21.5072417547 0.71634548902512 36.3444557190 138.8027343750
28 143.0431545003 21.4996495795 0.59904360771179 25.234785080 145.1635742188
98 142.8356299438 21.4962739441 13.0544481277 12.2060241699 152.2021636963
67 142.9458512127 21.4709264995 2.9792673588 30.1417484283 154.6789093018
14 143.0404501488 21.4850894269 0.52316033840179 44.8619689941 158.3504791260
8 143.0249753177 21.4702018925 0.55821865797043 56.7386245728 162.2892913818
84 142.9227851257 21.5574349040 6.2334389687 19.7939147949 166.1092834473
51 143.0450673193 21.5240150532 1.0255151987 50.4025802612 171.9358673096
56 143.0052076295 21.5477719695 2.1349809170 43.7366943359 180.9129333496
32 143.0427302515 21.5007774819 0.60563790798187 28.3513889313 183.7188720703
15 143.0377523904 21.4858486347 0.51283311843872 54.3740234375 195.9687347412
118 142.7510593302 21.4849930858 25.3718643188 11.4694900513 203.7374725342
50 143.0077511650 21.5197539689 1.0060430765 88.3879241943 285.7634582520
57 143.0193704679 21.5574029919 2.4480268955 66.0164260864 307.3825378418
34 143.0417377892 21.5013963649 0.60694521665573 49.6279258728 333.9318847656
1 143.0524612122 21.411097420 2.8915884495 68.8797760010 342.0245666504
36 143.0395349198 21.5017951844 0.59870117902756 47.8807144165 342.8088073730
35 143.0407059036 21.5016203556 0.60312104225159 55.4286727905 362.1325073242
60 142.9530490825 21.4126036285 4.7927455902 54.9766921997 414.0832519531
85 142.8560174027 21.5648641962 12.6687555313 30.0479183197 422.3200073242
31 143.0419025218 21.5003520535 0.59810936450958 75.1260147095 548.1116943359
17 143.0510424157 21.4897044439 0.61843329668045 173.863784790 639.5751342773
55 143.0222948491 21.5430650835 1.6691657305 211.7375030518 1016.3110351562
49 143.0403038061 21.5185618585 0.83877032995224 243.6430358887 1243.8956298828
47 143.0256739240 21.5163175984 0.76888006925583 490.5549011230 2842.7580566406
