5 148.9322370170 68.9847863044 1.1301877499 41.7351036072 108.2128295898
171 149.2965658377 69.0831496802 11.5563631058 9.1905593872 117.8830413818
164 149.2433214380 69.0129925313 8.0460233688 13.9648475647 126.6444320679
45 148.7878008492 68.8939235079 6.5598235130 18.9294586182 130.8144683838
15 148.7401354252 69.0448054414 1.3597441912 47.6377792358 132.5712585449
59 149.0111041956 68.9931947691 1.9673529863 39.7142715454 135.8859100342
1 148.6886752926 68.9498347831 3.6178793907 33.6595077515 136.4280853271
21 148.8942115677 69.0472823577 0.83491730690002 39.1312484741 142.7396087646
2 148.9557761802 68.9768853110 1.6081470251 44.5662078857 146.5167846680
42 148.8944892848 69.0816955011 2.2309756279 28.5945472717 156.6840209961
9 149.0373713113 69.0185573479 2.1870393753 48.3595199585 163.1186676025
52 149.0709496915 68.9723498345 3.6722297668 33.9770355225 164.901840210
37 148.8953456685 69.0688938102 1.5837242603 20.7592468262 167.0735626221
6 148.5849747672 69.0025038887 4.1847162247 29.2657108307 177.1987457275
40 148.9041838120 69.0759497199 1.9762606621 31.9850120544 203.1218109131
163 149.3995580106 69.0018164740 14.9149055481 11.0745410919 205.9873046875
182 149.5085810052 68.9543151659 22.4289989471 10.2356739044 218.7517547607
48 149.0570451452 68.9566228551 4.0827274323 39.5596160889 226.4348754883
31 148.8945859067 69.0643846372 1.3717337847 27.9152545929 228.9083251953
32 148.8975567693 69.0645735511 1.3895955086 30.9832611084 247.7861175537
134 149.3764438026 69.0427824808 13.9088878632 10.8079271317 254.4727020264
39 148.8805756529 69.0720330010 1.6832197905 34.7989463806 254.7864685059
30 148.8930801747 69.0641172911 1.3567509651 31.3102359772 283.7471008301
26 148.8969482428 69.0544585080 1.0642042160 67.8239059448 345.0436096191
61 149.1517550355 69.0078289567 5.1085286140 57.5844039917 402.8087463379
44 148.8422811375 69.0862470567 2.3913025856 101.5337677002 496.6095275879
41 148.9902723940 69.0767256729 2.7969968319 125.3237457275 649.2713012695
28 148.8954569855 69.0617745431 1.2911801338 95.6017532349 838.3841552734
23 148.9688487971 69.0516712908 1.5689142942 213.0670166016 874.1240234375
10 148.8532850040 69.0204568455 0.50118798017502 336.531250 1138.0771484375
43 148.7929702032 69.0839683874 2.4488639832 236.4683837891 1285.0853271484
7 148.8873469159 69.0093343575 0.53355044126511 1143.5997314453 9065.761718750
34 148.8891234850 69.0653237393 1.3862930536 663.3844604492 12633.1806640625
29 149.4712606089 69.0634038528 19.6692581177 409.8329772949 63928.71093750
