73 150.3204946948 55.7850235343 8.3598709106 13.6461515427 100.8826675415
12 150.4911314431 55.6712523529 0.53929525613785 34.4179496765 101.0068740845
77 150.4849801263 55.9108675893 19.9605598450 11.2268810272 142.0224761963
28 150.5042282167 55.6134825140 2.3907749653 39.6405639648 142.957031250
63 150.3323520280 55.7663519003 6.4275612831 30.0842018127 199.1633758545
2 150.5119788756 55.6497486874 0.88331198692322 107.2292327881 302.4359130859
57 150.2356921571 55.6834662415 8.7783641815 38.1997184753 303.5115966797
45 150.3127639751 55.7194968306 5.2590613365 55.5199508667 325.1626586914
14 150.4909744275 55.6799202678 0.49834105372429 70.8855743408 406.3532104492
26 150.5223193546 55.7161798213 0.94610178470612 166.5220489502 501.6986083984
