23 56.2071921687 68.0375730319 4.3663387299 27.8343200684 122.2451171875
61 56.8284856420 68.1913639345 12.5411615372 13.2257661819 137.0692138672
67 56.0106546144 68.1603645111 11.6678895950 19.8004837036 203.5916137695
9 56.5925033795 68.0849245158 1.9377026558 70.6517257690 243.7475585938
72 56.3855840131 68.3204756735 20.0649070740 16.8895778656 254.9979248047
30 56.7200344519 68.0845260194 5.0898003578 45.3122100830 261.9021301270
4 56.6143096271 68.0696436357 2.5351328850 97.8496627808 402.0829467773
20 56.1982305282 68.1451017789 4.5854706764 67.0567169189 405.3058166504
16 56.5275437471 68.1181802359 1.1964131594 186.2833862305 575.3870239258
10 56.4984102267 68.0939019499 0.71234381198883 232.0321197510 692.8065185547
13 56.7390938716 68.1053148745 5.6992506981 116.5907135010 968.3757324219
12 56.6819770097 68.1031322877 4.0171332359 115.9973297119 968.7106323242
2 56.2936192118 68.0418202523 2.4715859890 217.5518798828 1028.8431396484
3 56.4168362351 68.0525843869 1.0350198746 312.6814575195 1057.0822753906
6 56.4817722069 68.0820703637 0.65894800424576 1267.3546142578 10283.1425781250
