2 150.7842608852 68.6850074997 1.1855069399 43.7488441467 100.0914077759
55 150.4166137267 68.8448505012 13.9257640839 12.8006677628 103.9954605103
65 150.5382250823 68.9783294888 27.5713233948 6.8268704414 112.6174850464
34 150.8421877264 68.8570280859 7.0204544067 21.8150863647 119.6408843994
11 150.8283420319 68.7324286046 0.51954376697540 44.1537437439 132.7259826660
15 150.7363533678 68.7417764787 0.85160261392593 56.2294349670 140.5037231445
66 150.4577079295 69.0452906324 40.6487884521 7.3250060081 143.1121063232
3 150.9242280608 68.6916625103 1.4675134420 51.0880661011 145.3459472656
19 150.7335304951 68.7850943691 2.2300293446 54.6340522766 205.1591339111
4 150.8366077871 68.6945193463 0.83945155143738 88.4975051880 211.8084869385
58 150.7439328370 69.1057751789 40.7008171082 9.2950115204 215.5171356201
10 150.9933028296 68.7283090605 2.0274498463 77.7281112671 258.3500976562
57 150.6233683969 68.9782206555 25.2878036499 22.1691436768 459.1744079590
20 150.7351221744 68.7859066473 2.2448797226 228.7354125977 1105.0717773438
