10 159.685198410 53.5012440374 0.49956870079041 26.4696617126 109.0231170654
13 159.6858423154 53.5020296433 0.49820330739021 26.0299491882 127.5415573120
19 159.6947003868 53.5036603993 0.49324917793274 35.0398902893 170.7497863770
8 159.6866992539 53.5009231562 0.49766170978546 51.8712348938 339.0899658203
9 159.6916131033 53.5011395460 0.49366560578346 65.6011428833 407.5753479004
20 159.6968763356 53.5076493667 0.50971102714539 99.6288909912 422.2630310059
5 159.7091255717 53.4903382713 0.55089318752289 188.1455993652 492.1394042969
23 159.6940002941 53.5104583677 0.52183198928833 113.5681152344 493.5549926758
26 159.6803694191 53.5170249978 0.58605754375458 192.3959350586 534.5866699219
11 159.6948584113 53.5019376792 0.49386438727379 118.2358932495 770.3323974609
