77 161.0641279330 25.0553104726 13.5047845840 12.9822883606 101.3830032349
14 160.9320807868 24.8767418067 4.7108521461 31.5087528229 102.6519470215
80 161.0833395882 25.0930940173 18.1387081146 11.0854253769 105.7799224854
44 160.8581504210 25.0492896760 3.0665023327 36.9286956787 106.2284393311
89 160.6783274025 24.9820267786 13.4396677017 9.5910806656 117.9970245361
86 160.6699597940 24.9348185391 14.8569345474 9.7767152786 121.0987854004
47 160.8200690997 25.0889566904 7.2091751099 24.2880668640 122.4242706299
65 160.7100475504 24.9606947268 9.8721055984 18.4694080353 166.5060272217
12 160.8069419951 24.8593131364 7.0305018425 34.6343269348 169.5709075928
36 161.0865872290 24.968924740 13.3335275650 33.9542732239 333.7774658203
7 160.9835279228 24.9637692683 3.7254192829 79.8778610229 360.4152832031
