19 161.5305124733 63.1144403455 6.4647407532 18.5373058319 106.3235778809
43 161.7943972802 63.0450558103 11.1218547821 17.2895584106 111.8424072266
20 161.5028560604 63.1146775103 7.3388166428 22.8473873138 126.2622985840
10 161.6134304376 63.2226989867 1.2768894434 62.7721824646 143.1119537354
17 161.7184330931 63.2842433544 2.7628581524 62.4252815247 161.2441253662
12 161.6328862933 63.2260950596 1.0711493492 91.7784118652 223.6843872070
11 161.6557919571 63.2258063541 0.82553666830063 208.7345123291 631.6450195312
2 161.6480885246 63.2005485771 0.78904050588608 239.5331726074 633.0510253906
16 161.6648487663 63.2694964611 2.1849672794 200.5667266846 659.5139160156
5 161.6457604269 63.2095115514 0.79862928390503 242.2749786377 724.7836303711
