94 40.0737962577 38.7837005087 24.3078269958 7.3041353226 125.7559661865
64 39.9918972084 38.8907239266 10.8965854645 15.4708366394 127.9197311401
35 40.1352050440 38.9874546393 2.0414073467 45.9874954224 130.3821716309
15 40.1200841095 39.0640391872 0.89878076314926 52.2640266418 134.2870025635
96 40.1177403892 38.8410559942 15.4052848816 10.3051395416 142.1245422363
25 40.1013028539 39.0742768675 0.95192587375641 54.5761795044 142.1738128662
95 40.0282588142 38.8057674860 21.3554401398 9.2723655701 176.9058837891
65 40.1175601967 38.8933044894 8.9066429138 26.1133079529 201.5926666260
30 40.1453734581 39.1125103096 3.2853803635 41.7635002136 206.2399291992
62 39.9593851262 39.1195597205 6.9022297859 38.5322036743 222.0632934570
29 40.0880397855 39.1083003109 2.3771288395 59.8508300781 222.3760375977
6 40.0742949990 39.0310579414 0.53268456459045 100.7760467529 249.5700073242
3 40.0543736047 39.0143219792 0.92643570899963 152.1412200928 394.2182922363
31 40.1022037011 38.9175075284 6.1883811951 91.6078948975 763.8931274414
