21 167.8617335613 55.6746152738 1.2010662556 32.0108489990 101.9732284546
56 168.1408191113 55.5462624444 11.1157846451 16.4042987823 113.0444107056
7 167.9098333342 55.6643603133 0.60719525814056 48.2090911865 113.8936157227
26 167.9123479999 55.6839928376 0.65656894445419 47.7413444519 117.6083221436
13 167.9186314893 55.6701637591 0.56074696779251 48.7732734680 124.3489532471
105 168.3241477646 55.6572437568 18.0506629944 9.4226207733 149.0783386230
16 167.8242568506 55.6712835633 2.1579420567 37.1174583435 152.1459503174
90 168.2351810228 55.6266758733 11.7235755920 16.4452476501 160.7508850098
60 168.1701488575 55.6402216290 7.4124317169 25.5667648315 169.8861694336
17 167.9088106521 55.6719786314 0.61139917373657 65.1391372681 173.0077514648
5 167.8619996835 55.6540951340 1.2450324297 93.3780670166 243.1764984131
29 167.9090313521 55.7101382614 1.2231177092 95.1329421997 244.2917022705
25 167.9223988843 55.6826649501 0.59060949087143 90.6908493042 257.3721008301
10 167.8237922131 55.6693712548 2.1767663956 58.8236923218 260.0480957031
33 168.0627039691 55.5398322165 8.8634500504 35.1365776062 261.3138732910
86 167.9996232843 55.4682579194 15.9788732529 22.3854217529 265.6531372070
34 167.8833105939 55.5446378672 6.8588542938 46.0840263367 320.3344726562
104 168.4870264780 55.6495840372 35.5947189331 15.2642564774 348.4099426270
32 167.8571340880 55.7336233848 2.9571561813 79.1832275391 356.4857482910
15 167.8584472129 55.6712917644 1.2447819710 285.6586914062 1299.1619873047
