11 170.1900933668 53.1191379022 1.1013373137 35.2124404907 100.3301544189
31 170.2202091092 53.1657959793 1.0687046051 36.5975189209 104.3252410889
48 170.2748205668 53.1827327931 1.4787024260 25.3204555511 106.4768676758
163 169.8924877334 53.1217894277 18.2628211975 7.7229208946 107.5767898560
142 169.9884317463 53.2214604079 13.2821092606 12.7196092606 114.5975799561
88 170.3401444525 53.1984054066 3.155392170 24.1023330688 121.4402847290
22 170.1727593804 53.1530672701 1.6081157923 34.8203887939 121.5465545654
9 170.2715228371 53.1148172325 0.56941533088684 48.5920448303 122.4403305054
89 170.1979031983 53.2097824937 3.3089623451 22.2307491302 124.5613632202
95 170.0346633782 53.0344067283 10.8039379120 15.4429788589 124.6980514526
159 169.9176931416 53.0715034862 17.2606620789 9.1475849152 128.5038299561
61 170.1790525793 53.0810677132 2.3373315334 35.2855529785 130.4728088379
46 170.3047118515 53.1798000033 1.7047663927 33.5291252136 135.5006103516
23 170.2550374594 53.1563853464 0.70841848850250 45.4134025574 140.3773040771
30 170.2651548249 53.1647367082 0.87067735195160 39.9931869507 142.2167358398
92 170.3283862435 52.9916781152 8.7201786041 17.5838050842 142.3796844482
149 170.1900189889 52.9016529866 20.8864116669 7.2953882217 143.2845306396
52 170.3321206649 53.1960044468 2.9055845737 29.9718551636 163.0388031006
123 170.1727505321 52.9514515778 13.5613269806 13.7140235901 171.8264160156
56 170.2182777636 53.0446260655 3.6575014591 33.8938751221 174.5326080322
50 170.2012374513 53.1880397635 2.1691868305 43.2319984436 183.2590789795
132 169.8752669777 53.0982526693 20.3005447388 10.6382513046 186.2499847412
116 169.9681409191 53.1987951294 13.5146007538 17.7538490295 190.7745819092
54 170.2052144919 53.0244254443 5.3781723976 31.4687538147 191.0378417969
6 170.3032982368 53.1088956263 0.90561348199844 71.6754531860 210.0242767334
20 170.1545545953 53.1490641446 2.0945351124 58.6969566345 220.1811676025
118 170.0163250850 53.2033143136 10.3156728745 27.2048950195 232.0521850586
24 170.2899176982 53.1575486907 0.86255168914795 77.3259124756 250.7216339111
55 170.2670152301 53.0314314790 4.4603204727 44.8565597534 254.8368377686
47 170.2645237985 53.1801111212 1.3401465416 70.9266357422 277.2850341797
94 170.2506055956 53.0129810221 6.0296468735 34.9046897888 280.3163452148
2 170.2506189591 53.0821848419 1.3132359982 100.6501159668 312.3269958496
122 170.4007791508 52.9210971993 19.7990818024 20.7589263916 333.6159973145
45 170.3029699542 53.1792981123 1.6498146057 79.6402969360 361.2468261719
91 170.0463231886 53.2243751478 9.8459291458 44.3769454956 390.8077697754
38 170.2928678520 53.1699655157 1.2048587799 158.0961151123 562.2160034180
15 170.3613750572 53.1303905345 2.0532801151 134.0675659180 590.1758422852
1 170.0714287746 53.0807704108 6.2915420532 95.3214340210 654.3550415039
3 170.1709927678 53.0848771955 2.3929169178 137.0607910156 710.2601928711
53 170.0463088785 53.2173797143 9.4403390884 77.3364715576 795.5130004883
12 170.2748480365 53.1229645745 0.53010535240173 365.0808105469 1319.9097900391
44 170.2262729117 53.1779686104 1.3528240919 651.0616455078 4054.4243164062
