9 172.1418715587 58.5612182509 0.50420075654984 19.9831924438 105.4554824829
4 172.1344500639 58.5550112444 0.52643293142319 30.1267642975 111.4613723755
25 172.1384663995 58.5673325546 0.49837195873260 25.9504375458 116.5587844849
20 172.1318684234 58.5636245863 0.49514877796173 23.8648586273 154.6958923340
13 172.1379918375 58.5621086130 0.49920994043350 24.0926322937 156.5319976807
40 172.1400360953 58.5639119253 0.49977722764015 30.8202800751 185.5467681885
15 172.1289568244 58.5623805841 0.49691084027290 37.4348754883 242.6875152588
14 172.1277618780 58.5621628060 0.49705150723457 51.2211036682 267.8612365723
2 172.1228873753 58.5340980003 0.83275359869003 129.3590087891 355.6888122559
17 172.1269062863 58.5628030626 0.49601507186890 56.0367164612 443.8531494141
16 172.1389771466 58.5628093991 0.49961781501770 68.3862380981 489.7801513672
12 172.1277272152 58.5617228664 0.49766463041306 74.2558517456 570.9990234375
10 172.1290103546 58.5613286499 0.49835482239723 97.5758285522 829.4859619141
19 172.1277405467 58.5634980229 0.49510526657104 85.2160720825 974.7791137695
18 172.1404854244 58.5631827750 0.50053542852402 90.9075012207 1017.7932128906
