4 16.8219346002 32.3856232273 0.70528280735016 41.0947189331 107.1651077271
63 16.7509077478 32.2030371872 17.9506912231 10.2557697296 159.6257781982
22 16.7534825475 32.3735450364 3.1936421394 38.8342933655 167.7329406738
65 16.7629811279 32.2847948451 8.0090360641 23.3188095093 168.8179016113
60 16.8359830615 32.5140350356 5.1959271431 35.6455154419 198.7998352051
44 16.8229287741 32.5271232354 6.3319568634 30.8592090607 211.4884796143
64 16.7706485143 32.2020013060 16.9743289948 17.0810985565 251.4636383057
62 16.7980062253 32.1242523009 29.4817314148 11.1446008682 256.2094116211
18 16.8454971992 32.3034319857 4.5947751999 48.2704620361 258.7387695312
80 16.8156898164 32.5205834449 5.9587144852 25.5960216522 328.0872497559
38 16.9269378204 32.4572360656 3.3559627533 57.5218811035 331.1255798340
17 16.7737388985 32.1823827318 20.0605850220 20.4787464142 416.9449157715
75 16.5861415911 32.4515866658 19.1457557678 28.0194644928 447.0734863281
9 16.8536930329 32.4131584426 0.54706704616547 79.3167724609 489.9476318359
84 16.7454310376 32.1575865464 25.4368324280 15.1327238083 521.7879638672
16 16.7095606614 32.507975890 9.7069854736 61.8888053894 528.8262939453
13 16.9248580477 32.4452664579 2.8656787872 121.8693771362 638.7608642578
42 16.8232411160 32.4830788625 2.9969761372 73.8570861816 1037.5113525391
25 16.5889214158 32.3782172080 18.2978153229 57.6280403137 1143.0162353516
8 16.8539657487 32.4125962850 0.54346680641174 178.4356384277 1216.8808593750
