60 177.1204814638 56.1024292210 4.9202446938 23.7857513428 101.9508056641
25 177.4205966507 56.0248286311 3.8569428921 32.1104850769 142.0316009521
89 177.0987184980 56.2716972831 17.3632297516 8.2838106155 144.0680694580
86 177.1105219605 56.2354336868 12.7235345840 11.2146501541 144.1786651611
67 177.4328133034 56.2442497835 10.8505191803 18.3012828827 149.9806671143
1 177.3684712595 56.0349034389 2.2829670906 48.5521545410 155.8647766113
84 176.9639202326 56.2306101664 21.1118946075 9.3130388260 164.6268157959
87 176.9444169068 56.2416187343 23.5422725677 10.0309324265 166.4834442139
74 177.6761134234 56.1969933465 19.9430141449 15.5701427460 220.1352539062
51 177.3531820759 56.2316980318 8.1595010757 38.7144393921 242.9262390137
15 177.2997307708 56.0860383991 0.52037769556046 88.6771316528 245.6178131104
47 177.5649931167 56.1423200349 9.2461576462 37.5350036621 274.0463256836
