29 179.9294019056 55.6314013110 2.6326382160 34.5851020813 109.1070861816
6 179.9107614010 55.5356472416 0.72117644548416 42.5326232910 111.1474914551
1 179.8802883637 55.5193675783 1.4151700735 37.0138931274 114.3809890747
17 180.0606944287 55.4860352707 4.3876652718 23.3604278564 116.7632980347
66 179.8374071136 55.6813245313 7.7338962555 18.2983703613 132.6776275635
15 179.8889010585 55.6091316724 1.8055582047 50.0623168945 145.1428680420
53 179.7040519883 55.6941362444 14.0916996002 16.1992893219 259.0347900391
19 180.1316361159 55.5299302432 5.4575800896 41.6547355652 272.9245605469
51 180.3264625710 55.660400140 22.0939826965 16.4916954041 278.7882995605
11 180.0790838238 55.5634513559 2.9477066994 91.5978851318 452.2475585938
47 180.3731508332 55.6119290010 23.5565929413 28.0190067291 564.7707519531
4 179.9669304637 55.5345655310 0.76385587453842 95.6597213745 967.6557617188
3 180.0962254779 55.5276694423 3.9686284065 169.8176574707 1354.1142578125
5 179.9677500667 55.5351811832 0.75707036256790 116.4290618896 1413.6180419922
